testeteste2teste3INPUT : 
8
3 2 2
##start
s 4 0
##end
e 4 6
4 0 4
1 4 2
2 4 4
5 8 2
6 8 4
s-1
3-4
1-2
2-4
1-5
6-5
e-6
2-e
3-s
-------------BFS------------
#|s|e|3|4|1|2|5|6|
------------------
s|0|0|1|0|1|0|0|0|
e|0|0|0|0|0|1|0|1|
3|1|0|0|1|0|0|0|0|
4|0|0|1|0|0|1|0|0|
1|1|0|0|0|0|1|1|0|
2|0|1|0|1|1|0|0|0|
5|0|0|0|0|1|0|0|1|
6|0|1|0|0|0|0|1|0|
0-2
#|s|e|3|4|1|2|5|6|
------------------
s|0|-1|-1|-1|-1|-1|-1|-1|
e|-1|-1|-1|-1|-1|-1|-1|-1|
3|-1|-1|-1|-1|-1|-1|-1|-1|
4|-1|-1|-1|-1|-1|-1|-1|-1|
1|-1|-1|-1|-1|-1|-1|-1|-1|
2|-1|-1|-1|-1|-1|-1|-1|-1|
5|-1|-1|-1|-1|-1|-1|-1|-1|
6|-1|-1|-1|-1|-1|-1|-1|-1|
explore path 0 from room 2
2-3
#|s|e|3|4|1|2|5|6|
------------------
s|0|2|-1|-1|-1|-1|-1|-1|
e|-1|-1|-1|-1|-1|-1|-1|-1|
3|-1|-1|-1|-1|-1|-1|-1|-1|
4|-1|-1|-1|-1|-1|-1|-1|-1|
1|-1|-1|-1|-1|-1|-1|-1|-1|
2|-1|-1|-1|-1|-1|-1|-1|-1|
5|-1|-1|-1|-1|-1|-1|-1|-1|
6|-1|-1|-1|-1|-1|-1|-1|-1|
explore path 0 from room 3
3-5
#|s|e|3|4|1|2|5|6|
------------------
s|0|2|3|-1|-1|-1|-1|-1|
e|-1|-1|-1|-1|-1|-1|-1|-1|
3|-1|-1|-1|-1|-1|-1|-1|-1|
4|-1|-1|-1|-1|-1|-1|-1|-1|
1|-1|-1|-1|-1|-1|-1|-1|-1|
2|-1|-1|-1|-1|-1|-1|-1|-1|
5|-1|-1|-1|-1|-1|-1|-1|-1|
6|-1|-1|-1|-1|-1|-1|-1|-1|
explore path 0 from room 5
5-1
#|s|e|3|4|1|2|5|6|
------------------
s|0|2|3|5|-1|-1|-1|-1|
e|-1|-1|-1|-1|-1|-1|-1|-1|
3|-1|-1|-1|-1|-1|-1|-1|-1|
4|-1|-1|-1|-1|-1|-1|-1|-1|
1|-1|-1|-1|-1|-1|-1|-1|-1|
2|-1|-1|-1|-1|-1|-1|-1|-1|
5|-1|-1|-1|-1|-1|-1|-1|-1|
6|-1|-1|-1|-1|-1|-1|-1|-1|
explore path 0 from room 1
5-4
#|s|e|3|4|1|2|5|6|
------------------
s|0|2|3|5|1|-1|-1|-1|
e|-1|-1|-1|-1|-1|-1|-1|-1|
3|-1|-1|-1|-1|-1|-1|-1|-1|
4|-1|-1|-1|-1|-1|-1|-1|-1|
1|-1|-1|-1|-1|-1|-1|-1|-1|
2|-1|-1|-1|-1|-1|-1|-1|-1|
5|-1|-1|-1|-1|-1|-1|-1|-1|
6|-1|-1|-1|-1|-1|-1|-1|-1|
explore path 0 from room 4
4-6
#|s|e|3|4|1|2|5|6|
------------------
s|0|2|3|5|1|-1|-1|-1|
e|0|2|3|5|4|-1|-1|-1|
3|-1|-1|-1|-1|-1|-1|-1|-1|
4|-1|-1|-1|-1|-1|-1|-1|-1|
1|-1|-1|-1|-1|-1|-1|-1|-1|
2|-1|-1|-1|-1|-1|-1|-1|-1|
5|-1|-1|-1|-1|-1|-1|-1|-1|
6|-1|-1|-1|-1|-1|-1|-1|-1|
explore path 1 from room 6
6-7
#|s|e|3|4|1|2|5|6|
------------------
s|0|2|3|5|1|-1|-1|-1|
e|0|2|3|5|4|6|-1|-1|
3|-1|-1|-1|-1|-1|-1|-1|-1|
4|-1|-1|-1|-1|-1|-1|-1|-1|
1|-1|-1|-1|-1|-1|-1|-1|-1|
2|-1|-1|-1|-1|-1|-1|-1|-1|
5|-1|-1|-1|-1|-1|-1|-1|-1|
6|-1|-1|-1|-1|-1|-1|-1|-1|
explore path 1 from room 7
7-1
#|s|e|3|4|1|2|5|6|
------------------
s|0|2|3|5|1|-1|-1|-1|
e|0|2|3|5|4|6|7|-1|
3|-1|-1|-1|-1|-1|-1|-1|-1|
4|-1|-1|-1|-1|-1|-1|-1|-1|
1|-1|-1|-1|-1|-1|-1|-1|-1|
2|-1|-1|-1|-1|-1|-1|-1|-1|
5|-1|-1|-1|-1|-1|-1|-1|-1|
6|-1|-1|-1|-1|-1|-1|-1|-1|
explore path 1 from room 1
0-4
#|s|e|3|4|1|2|5|6|
------------------
s|0|2|3|5|1|-1|-1|-1|
e|0|2|3|5|4|6|7|1|
3|-1|-1|-1|-1|-1|-1|-1|-1|
4|-1|-1|-1|-1|-1|-1|-1|-1|
1|-1|-1|-1|-1|-1|-1|-1|-1|
2|-1|-1|-1|-1|-1|-1|-1|-1|
5|-1|-1|-1|-1|-1|-1|-1|-1|
6|-1|-1|-1|-1|-1|-1|-1|-1|
explore path 0 from room 4
4-6
#|s|e|3|4|1|2|5|6|
------------------
s|0|2|3|5|1|-1|-1|-1|
e|0|2|3|5|4|6|7|1|
3|0|2|3|5|4|-1|-1|-1|
4|-1|-1|-1|-1|-1|-1|-1|-1|
1|-1|-1|-1|-1|-1|-1|-1|-1|
2|-1|-1|-1|-1|-1|-1|-1|-1|
5|-1|-1|-1|-1|-1|-1|-1|-1|
6|-1|-1|-1|-1|-1|-1|-1|-1|
explore path 2 from room 6
6-7
#|s|e|3|4|1|2|5|6|
------------------
s|0|2|3|5|1|-1|-1|-1|
e|0|2|3|5|4|6|7|1|
3|0|2|3|5|4|6|-1|-1|
4|-1|-1|-1|-1|-1|-1|-1|-1|
1|-1|-1|-1|-1|-1|-1|-1|-1|
2|-1|-1|-1|-1|-1|-1|-1|-1|
5|-1|-1|-1|-1|-1|-1|-1|-1|
6|-1|-1|-1|-1|-1|-1|-1|-1|
explore path 2 from room 7
7-1
#|s|e|3|4|1|2|5|6|
------------------
s|0|2|3|5|1|-1|-1|-1|
e|0|2|3|5|4|6|7|1|
3|0|2|3|5|4|6|7|-1|
4|-1|-1|-1|-1|-1|-1|-1|-1|
1|-1|-1|-1|-1|-1|-1|-1|-1|
2|-1|-1|-1|-1|-1|-1|-1|-1|
5|-1|-1|-1|-1|-1|-1|-1|-1|
6|-1|-1|-1|-1|-1|-1|-1|-1|
explore path 2 from room 1
teste8#|s|e|3|4|1|2|5|6|
------------------
s|0|2|3|5|1|-1|-1|-1|
e|0|2|3|5|4|6|7|1|
3|0|2|3|5|4|6|7|1|
4|-1|-1|-1|-1|-1|-1|-1|-1|
1|-1|-1|-1|-1|-1|-1|-1|-1|
2|-1|-1|-1|-1|-1|-1|-1|-1|
5|-1|-1|-1|-1|-1|-1|-1|-1|
6|-1|-1|-1|-1|-1|-1|-1|-1|
